$ANSIBLE_VAULT;1.2;AES256;uat
37376633656531663739313063633139313465646463336661346531393233323065646231373462
6263656562633739383335646432363434383430363265660a613363333236383431623065306230
63336164643736363335366634353732333063306561633033626164363238656164373437656534
3431303565353165350a613161646439303133636333353736643632313366306635393338376563
36306432616162616436343965633236323735366238376662393331633063313836306664353263
38363938393861343234653964373136653434343562323661646564326232616639663864346237
35666634383434366436313331666439646535396163613066626332623664636139666663313637
38633266643265623131653433326263623836323563363134363539336430626137383661616537
33653931373339346262366261313936666434663835353662336462356436643336356561306536
39663734626361313933623334613436346261663162383837366364316230633734303630303639
66353464323036613062333565356334626137373939613233653337623462663663356436333232
34633962646466303536366266303765393865656430336332633332646466356138663535376166
36373035303365356436633666346338666630313434626631386433663863383934
