$ANSIBLE_VAULT;1.2;AES256;prod
36313330353739323830333163323965366166386565333930313738343939326266383130396264
6332313665356361326562313165323234663734356133360a376633306235366136663430636632
36346539333065383134663432363334646331383437396464636233383732666363633934393632
3738323366343662380a653236633434346437383034633866643931323464396361386336623437
61393437383965323833636236643631396136663335383932626137633664613533633034666431
62383662396330383338336535613764656635663637663030313764613933386232356538646163
37303465326637393332626638366330663666323261613866626662653336623133653865343535
66343036316435393166346437306130336131353333373762353864333330376632613966333333
33323562613764663662336665306337343564386530366162383561656265393261323035333861
36306134636332373532633330373361366530643637383531636334366332323532393633666364
38393133326134356461396533653565623339363834366632616539626165333539656435393530
35663265323634313830663861373633663336333036356337613032616130623666393534366665
32336266633831353864643161303836656238326137363836313562373531633939333534386531
3936623837646339343438343135363961323730356132626666
