$ANSIBLE_VAULT;1.2;AES256;prod
61343137323733643232613035313534313066366563323762383064313039333638633861653361
6162363465633264333835656632306162666463643033360a306532386635626230306330303131
38363264633861336635363437666430323866323238636139386466633664333430396139356464
3334656331306435630a353138623234656661613537306462613036646662376365646237336163
30623030353139613335333264613530616130353035373232396133643165656631613834326462
61643065313835616430666561663434386233663239643466666130363063653136626261396263
35646233313336346336373630666136646134346633373432343931383730653262666330393964
37653433383735663631333761623036333731653234306432336230333832616534656363353430
38383635303066616461376564336438666265326338626131353662646439396436356638376263
66386263346539393363346462613531353134373838653239326536626465373234663030313731
34613434373664633265333063393531323933326565393261633130396131663233303232663462
31623338313137366432313131353661343536643339353130346239366565383737306634613931
39303361366562643966613566653234646264623665623964343136393237643531353537353963
6661363564666365313332613337633934386539316538386464
