$ANSIBLE_VAULT;1.2;AES256;prod
32353065396633343264633065643262386230376538663239623834396135386233373539343732
6562346630386131393336623634383536316235373738300a376561653830383838643436366664
64633765623764343162333232366164383036366633396238333134613231336332336134366434
6633393232333234630a383634656561336533393363663739663566646631303932346233613263
30663362303933393139666330316530386262333165666332393961373961356430383363313361
37653462626638356531663737323932323061643137623635633362376130383165313666353037
30366631313138613238663966343530303532373631356233333833653332306639323764356265
65616332623938353231313964323136666238663966306235393132636639333934393435643339
65613663663531316633623961333661333139613161633531353535396565643134333339326238
37343139623364383035383236373363656662363465613765623639353735666634336361353836
30383463653466393438363432323236663530626563306261306236613236633936643966333766
36616263653334623832366430643861626337333634656434393363323966613439643435663737
36313536613631303761663563396133653235303464373532636166613237353862373132353664
6431336131396239343736616535346131653338653131363732
