$ANSIBLE_VAULT;1.2;AES256;qa
32333630653262366566386564343237316434393463363936336630383436313132333132663861
6630353964623234336636663439626265623337316437630a663164663439316438653938343061
66386262633961313461613538366633353836626135353734393661623830316537613833386663
6261336430303961660a633932353365346634363863343466666232333631646264303634666133
66366231376138363137353462363635626432353935656132323436663231396434643063643934
34393837303835343236353131323539643437643632326532373037646462373565623634303063
64323165663132326634393065316132626132353933643663396264613165383939646362633961
35616530666339633963303435653636346563396537623231366666613137653962666337386130
38636638323732393063653539346231333165383235303634383564663463366561326365336435
32626563633137656231353062313133366438316534636339336635383637323932323938366162
64393737633864333663666631613362373634343862333439383765396262323334386631643331
39663336356166613662363334386430343231613061616430633236613463393533386465613933
66343937366436383665386530646138346163333566386465316265623162356335
