$ANSIBLE_VAULT;1.2;AES256;uat
65313831363030396536323933663634393531323866663565383465646365636164633531383435
3864613133316130346531623433353237353633313937350a643431623237376638666565643364
65353435316566626435643134656434623735326335336137396236393932326439353065643233
3764333166663337630a376161393863303933386161383636613534336466396465356338643036
64663066346639616430653235376632373431316433303966383564626534353332316463323835
35333930323662356139346633653032353264353566373661646338636462393363313437396634
36306634616237633761326130376239376234343565333461666364386161366334623537333061
64646332353037353133613436303835343464323131323031316338353739366365633332643036
61363965383765373361373966343638313066383134353761323133323434393132623364346232
30643036356132626366393437626636386462353732366134333363393032646236323230356138
31393066383462643763393166323235666466623936666661616630613431356137616466323933
31333438613833626337306435616433353663333862643030653539663337313865616231333431
35316262343066663733336564646135666364623837343933343065303065363137
