$ANSIBLE_VAULT;1.2;AES256;uat
32366662323030303664613333346565616433306166326536333530326538363263613964393439
3838373234343134396430653839616462393134396635640a393136393162353534353939396463
61353031323235353532373665636466323439323437373538663536626634343033656132666631
3266323162366162370a653131643937373936653930653531663364626537383766353430336430
31306633353064643463363936303430663661623837313235623937623532396436643465343963
35336164366266336161663461373565663764666532646535666566363566613364343530613162
36646434653338376630613231303361383134656163356338623666313831333965303564663437
37653363643166343965326166616632366530653566333939306631333865363336353164326264
63306436636333326139653537633335353433616234313761393834333636626333633435353434
66386636333031326166333639663865353339303237343331333032613632393965323433636330
32376535396666616534373961653730393565323734616139626434613763333765653337376633
61393032303039643937626138623535303036376439633336353736636233643166323736376664
65643066353031336261643166303932633061396530643635373566323765643732
