$ANSIBLE_VAULT;1.2;AES256;prod
33393233646638353239666330613338326431643432303337326236383331643730363862653033
3363356163363430663061356364303631323161313263370a666231303364333662613638346433
65666261353936663532313230336431633865636239666339616164633062616664616235663138
3361313262313735340a386136393866633162313962613730386439373537306636613461356231
36353138376637633337376664653362343539656262636633313639616633666161623936323137
63623637366139666438393634376636333837393731663030653064376434326332343939363630
33363834626331633362303861623966303138386634336264633137396561656432663338373666
66343665363831666539653235343166376131343364376635316435663236646638396630383663
30353530303739343032323432346337316138396162613036653166326437323439633038643433
61373339346663616134353839623730373635393865356530666566386136366537666562663435
30323130393030663663343831386435313761396432386636613636363665633937636433396438
65646262393530323735636638636637353537636563386266373763393663356465633034386630
33656630346365626133343439303565303236366237626138623561663334313237333262643465
3635333936396433303761653861393637303439363736653034
