$ANSIBLE_VAULT;1.2;AES256;uat-2
34336365616633633262333834366430663536383266633064326430353935613134356465393639
6134323230643761616136393232393864323632326334340a396263653566316339313763386162
35353431336266656131316633343161623366376238386462356635636264313463326132363537
6162656361633932300a303735323332656664386664343564326131633439316466336232633061
37353165363565303932366464623566653361353963666430623466636264366235393066623938
39386139383339323966376265353935653233313538663566313436663364313834656663663733
32653335313665633830323961633135663865616530626465643734383061663562643065353034
34303765646330616262636139626661643463643037333863343233643933363163346338643039
66643064623335663264333962323533323732393435383933323137636134343862343036313832
61306264666236346438633466386364346235316463343837336465363832623038313137303266
62626431613763623232356661666338346262643036663232376135336237633064366461373166
37353663613563643734636432396661313565356465366238383232373461343639653466316662
30316139616333303536653566353036393566656236623535616533346238396239
