$ANSIBLE_VAULT;1.2;AES256;dev
31643862383938383133356132633832323165393131343535616438383130623838653331343235
6437383138316264333539303934373138356362653661630a663763666336363262356166633666
64333734643636373135653033313664646230623333623263316263353863373937346532363662
3366363330643530310a623331386533393064393564363962356636333266383836343235353130
34346235386331653465623239616230393938633936303731396533393864346561386336666338
30393937333138373461613934616539646133633831626435646431326333663434396266356336
37653636636534633039646336636439373139323737393362303736363331643335636436303438
34336266346464323230316337643165636265643161316532396437323834306664386466623739
66363864383163653565363535666638633363303936663366663136356337323565356535393133
62396530646265653639636130303238323336313035326563336338373839343131313234346364
36663565356164373265643737313737633237316432663237373633626331336433616661656163
66353866663533306331623333363838373163343034623664333665636633616632663065353964
31656630383033333332393938633261653738373830616361386539623336356238326631636164
3166356633353631633831343263633766393439383136303962
